2.49722 2.33238 2.18836 2.06456 1.96023 1.87446 1.80624 1.75454 1.7184 1.69706 1.69 1.69706 1.7184 1.75454 1.80624 1.87446 1.96023 2.06456 2.18836 2.33238 
2.24758 2.08396 1.94165 1.82003 1.71825 1.63527 1.56984 1.52069 1.48661 1.46659 1.46 1.46659 1.48661 1.52069 1.56984 1.63527 1.71825 1.82003 1.94165 2.08396 
2.01556 1.853 1.71234 1.59298 1.49402 1.41421 1.35207 1.30599 1.2744 1.25603 1.25 1.25603 1.2744 1.30599 1.35207 1.41421 1.49402 1.59298 1.71234 1.853 
1.801 1.63918 1.5 1.38293 1.28701 1.21083 1.15256 1.11018 1.08167 1.06532 1.06 1.06532 1.08167 1.11018 1.15256 1.21083 1.28701 1.38293 1.5 1.63918 
1.60378 1.44222 1.30419 1.18929 1.09659 1.0245 0.970824 0.932952 0.90824 0.894427 0.89 0.894427 0.90824 0.932952 0.970824 1.0245 1.09659 1.18929 1.30419 1.44222 
1.42394 1.26194 1.12446 1.01139 0.921954 0.854459 0.806226 0.773886 0.753923 0.743303 0.74 0.743303 0.753923 0.773886 0.806226 0.854459 0.921954 1.01139 1.12446 1.26194 
1.26178 1.09836 0.960469 0.848528 0.762168 0.699714 0.657951 0.632456 0.618466 0.611882 0.61 0.611882 0.618466 0.632456 0.657951 0.699714 0.762168 0.848528 0.960469 1.09836 
1.11803 0.951893 0.812158 0.700071 0.616117 0.559017 0.524976 0.508035 0.501597 0.5001 0.5 0.5001 0.501597 0.508035 0.524976 0.559017 0.616117 0.700071 0.812158 0.951893 
0.994032 0.82365 0.680074 0.565685 0.482597 0.430813 0.406079 0.4 0.403113 0.407922 0.41 0.407922 0.403113 0.4 0.406079 0.430813 0.482597 0.565685 0.680074 0.82365 
0.891964 0.715891 0.566039 0.445982 0.360555 0.313209 0.3 0.308058 0.32311 0.33541 0.34 0.33541 0.32311 0.308058 0.3 0.313209 0.360555 0.445982 0.566039 0.715891 
0.814923 0.632456 0.474236 0.344093 0.25 0.203961 0.206155 0.233238 0.262488 0.282843 0.29 0.282843 0.262488 0.233238 0.206155 0.203961 0.25 0.344093 0.474236 0.632456 
0.766551 0.578705 0.412311 0.269258 0.156205 0.100499 0.128062 0.180278 0.223607 0.250799 0.26 0.250799 0.223607 0.180278 0.128062 0.100499 0.156205 0.269258 0.412311 0.578705 
0.75 0.56 0.39 0.24 0.11 3.34221e-16 0.09 0.16 0.21 0.24 0.25 0.24 0.21 0.16 0.09 1.96262e-16 0.11 0.24 0.39 0.56 
0.766551 0.578705 0.412311 0.269258 0.156205 0.100499 0.128062 0.180278 0.223607 0.250799 0.26 0.250799 0.223607 0.180278 0.128062 0.100499 0.156205 0.269258 0.412311 0.578705 
0.814923 0.632456 0.474236 0.344093 0.25 0.203961 0.206155 0.233238 0.262488 0.282843 0.29 0.282843 0.262488 0.233238 0.206155 0.203961 0.25 0.344093 0.474236 0.632456 
0.891964 0.715891 0.566039 0.445982 0.360555 0.313209 0.3 0.308058 0.32311 0.33541 0.34 0.33541 0.32311 0.308058 0.3 0.313209 0.360555 0.445982 0.566039 0.715891 
0.994032 0.82365 0.680074 0.565685 0.482597 0.430813 0.406079 0.4 0.403113 0.407922 0.41 0.407922 0.403113 0.4 0.406079 0.430813 0.482597 0.565685 0.680074 0.82365 
1.11803 0.951893 0.812158 0.700071 0.616117 0.559017 0.524976 0.508035 0.501597 0.5001 0.5 0.5001 0.501597 0.508035 0.524976 0.559017 0.616117 0.700071 0.812158 0.951893 
1.26178 1.09836 0.960469 0.848528 0.762168 0.699714 0.657951 0.632456 0.618466 0.611882 0.61 0.611882 0.618466 0.632456 0.657951 0.699714 0.762168 0.848528 0.960469 1.09836 
1.42394 1.26194 1.12446 1.01139 0.921954 0.854459 0.806226 0.773886 0.753923 0.743303 0.74 0.743303 0.753923 0.773886 0.806226 0.854459 0.921954 1.01139 1.12446 1.26194 
1.60378 1.44222 1.30419 1.18929 1.09659 1.0245 0.970824 0.932952 0.90824 0.894427 0.89 0.894427 0.90824 0.932952 0.970824 1.0245 1.09659 1.18929 1.30419 1.44222 
1.801 1.63918 1.5 1.38293 1.28701 1.21083 1.15256 1.11018 1.08167 1.06532 1.06 1.06532 1.08167 1.11018 1.15256 1.21083 1.28701 1.38293 1.5 1.63918 
2.01556 1.853 1.71234 1.59298 1.49402 1.41421 1.35207 1.30599 1.2744 1.25603 1.25 1.25603 1.2744 1.30599 1.35207 1.41421 1.49402 1.59298 1.71234 1.853 
2.24758 2.08396 1.94165 1.82003 1.71825 1.63527 1.56984 1.52069 1.48661 1.46659 1.46 1.46659 1.48661 1.52069 1.56984 1.63527 1.71825 1.82003 1.94165 2.08396 
